366
436
534
591
677
760
836
929
1038
1131
1279
1388
1558
1714
1873
2063
2238
2456
2651
2827
3002
3196
3405
3603
3737
3953
4158
4294
4455
4578
4721
4913
5042
5193
5346
5462
5611
5691
5763
5872
5993
6098
6141
6285
6404
6531
6623
6723
6867
6952
7068
7129
7222
7230
7287
7371
7447
7482
7519
7622
7710
7805
7863
7833
7833
7858
7948
7993
8082
8039
8058
8160
8188
8217
8279
8290
8310
8383
8357
8360
8404
8483
8454
8454
8495
8572
8641
8674
8673
8589
8671
8703
8724
8773
8796
8767
8835
8777
8829
8833
8913
8947
8925
8894
8933
9005
8971
8964
8938
8954
8925
8913
8979
9034
9055
9035
9022
9052
9048
8972
9066
9063
9053
9088
9064
9070
9116
9171
9199
9171
9184
9174
9196
9222
9251
9204
9235
9277
9212
9188
9172
9220
9248
9241
9291
9287
9234
9198
9233
9187
9207
9191
9186
9235
9280
9254
9269
9287
9309
9340
9360
9364
9382
9357
9340
9372
9415
9492
9530
9544
9526
9516
9467
9466
9418
9454
9408
9467
9518
9524
9510
9510
9464
9437
9461
9530
9564
9519
9483
9433
9433
9498
9456
9475
9502
9475
9429
9419
9442
9502
9474
9491
9488
9495
9471
9479
9521
9513
9556
9614
9605
9646
9592
9615
9588
9541
9601
9619
9587
9520
9544
9563
9592
9555
9501
9441
9479
9535
9529
9451
9515
9481
9505
9489
9506
9482
9446
9487
9515
9516
9523
9520
9503
9489
9551
9547
9579
9480
9492
9464
9565
9605
9519
9481
9488
9514
9556
9561
9576
9534
9582
9661
9684
9733
9720
9727
9698
9651
9642
9657
9679
9603
9642
9646
9625
9631
9669
9725
9728
9701
9653
9620
9565
9569
9546
9600
9610
9666
9704
9693
9636
9665
9700
9707
9726
9716
9675
9726
9714
9719
9673
9683
9719
9631
9637
9633
9606
9652
9702
9711
9747
9788
9756
9799
9757
9825
9764
9732
9739
9695
9671
9726
9763
9743
9720
9707
9673
9705
9696
9694
9712
9694
9699
9738
9771
9686
9666
9664
9687
9615
9566
9617
9675
9655
9681
9709
9707
9702
9678
9696
9708
9664
9653
9681
9706
9698
9663
9635
9613
9600
9581
9546
9577
9583
9528
9538
9497
9455
9484
9461
9540
9461
9513
9474
9515
9448
9454
9541
9605
9582
9622
9680
9678
9572
9609
9675
9635
9631
9613
9611
9719
9728
9719
9682
9629
9667
9690
9739
9690
9674
