366
464
548
637
696
800
893
993
1106
1244
1367
1510
1648
1825
2000
2109
2286
2415
2610
2795
2984
3175
3377
3585
3720
3908
4078
4293
4460
4635
4804
5022
5144
5303
5421
5487
5675
5831
5984
6079
6252
6394
6472
6540
6607
6766
6870
6944
7054
7121
7196
7263
7396
7507
7573
7645
7763
7756
7828
7853
7920
7997
8083
8178
8172
8250
8275
8275
8299
8445
8438
8451
8503
8427
8484
8519
8515
8627
8628
8690
8630
8632
8696
8702
8700
8704
8725
8775
8810
8817
8819
8766
8776
8871
8908
8930
8900
8920
8929
8952
8978
8963
8987
8983
9011
9016
8981
9011
8983
8989
9079
9071
9057
9071
9068
9156
9255
9194
9151
9134
9194
9177
9176
9173
9151
9182
9262
9232
9241
9226
9279
9291
9326
9346
9352
9316
9299
9277
9328
9393
9423
9416
9473
9561
9499
9566
9530
9572
9566
9588
9530
9532
9520
9471
9574
9506
9478
9492
9508
9509
9541
9522
9564
9602
9552
9517
9473
9519
9600
9611
9644
9632
9590
9696
9681
9582
9553
9550
9587
9567
9532
9569
9567
9555
9550
9507
9532
9629
9640
9745
9709
9684
9648
9707
9604
9603
9513
9542
9585
9558
9556
9570
9572
9561
9525
9598
9587
9587
9560
9595
9611
9657
9693
9698
9760
9762
9731
9693
9681
9727
9736
9732
9787
9750
9781
9724
9723
9717
9663
9651
9692
9662
9684
9735
9712
9679
9665
9694
9674
9753
9722
9628
9685
9640
9629
9617
9684
9602
9579
9540
9540
9597
9614
9602
9612
9694
9695
9654
9673
9634
9672
9620
9624
9604
9639
9668
9609
9576
9583
9578
9592
9592
9609
9615
9667
9656
9615
9629
9690
9657
9682
9677
9618
9558
9575
9540
9626
9631
9542
9555
9607
9672
9724
9715
9717
9641
9682
9737
9699
9698
9674
9598
9605
9589
9628
9653
9589
9529
9530
9547
9568
9604
9601
9634
9641
9621
9617
9657
9668
9658
9634
9675
9656
9686
9715
9712
9677
9679
9702
9684
9708
9681
9707
9619
9659
9694
9627
9699
9692
9720
9644
9667
9713
9665
9713
9648
9614
9741
9726
9763
9737
9766
9799
9814
9772
9869
9824
9757
9806
9801
9814
9832
9827
9857
9853
9827
9853
9819
9821
9866
9834
9837
9760
9743
9690
9652
9723
9683
9708
9748
9674
9664
9607
9622
9594
9637
9639
9635
9575
9587
9498
9598
9584
9638
9684
9682
9726
9681
9667
9664
