366
445
509
580
637
714
773
840
923
1011
1114
1215
1307
1380
1506
1621
1723
1812
1893
1998
2065
2172
2244
2365
2508
2599
2672
2729
2825
2886
2975
3025
3081
3100
3114
3196
3228
3302
3312
3407
3460
3520
3520
3506
3602
3605
3646
3707
3742
3795
3846
3908
3952
4011
4002
4041
4066
4103
4108
4142
4180
4214
4230
4254
4264
4322
4311
4345
4352
4355
4368
4382
4426
4428
4433
4456
4430
4455
4512
4521
4536
4520
4567
4586
4592
4619
4660
4637
4602
4643
4658
4679
4671
4669
4622
4668
4645
4624
4631
4668
4670
4644
4628
4646
4696
4726
4737
4698
4747
4727
4712
4765
4754
4755
4787
4804
4781
4775
4802
4770
4779
4784
4778
4804
4809
4786
4796
4827
4812
4811
4784
4823
4789
4803
4842
4853
4855
4818
4838
4855
4857
4803
4849
4908
4903
4876
4886
4878
4825
4791
4793
4831
4809
4876
4903
4851
4858
4842
4867
4857
4825
4799
4859
4847
4821
4820
4852
4826
4857
4865
4851
4833
4853
4823
4857
4870
4887
4878
4900
4890
4965
4996
4957
4965
4960
4957
4977
4975
4976
5014
4984
4984
4987
5024
5008
4991
4976
4974
4973
5006
4961
4934
4937
4929
4928
4924
4975
4935
4949
4959
4921
4887
4892
4904
4939
4935
4860
4845
4856
4846
4857
4886
4870
4861
4904
4933
4896
4872
4863
4888
4935
4918
4900
4888
4891
4941
4939
4962
4945
4974
5012
5012
4989
5021
5012
5021
5041
5062
5079
5040
5000
5018
5016
5027
5032
5022
5028
5027
5037
5017
5028
5034
5014
4999
4953
4922
4928
4908
4924
4959
4997
5033
5022
5063
5010
5029
5023
5046
5019
4999
5001
4981
4957
4958
4966
4966
4959
4991
4984
4990
4964
4907
4886
4901
4925
4921
4926
4952
4975
4962
4954
4914
4974
4942
4995
4967
5005
5003
4998
4979
5041
5033
4983
4982
5013
5013
5034
5032
5050
5077
5065
5036
5032
5012
4988
5035
5041
5011
5065
5070
5079
5106
5091
5041
5061
5015
5052
5024
5035
5045
5019
4967
4999
5027
5027
5026
5058
5015
5029
5019
5005
5053
5059
5063
5074
5079
5059
5023
5030
5048
5068
5052
5029
5054
5043
5025
5097
5139
5189
5201
5147
5158
5144
5079
5104
5137
5126
5120
5127
5107
5151
5136
5164
5167
5101
5077
5056
5047
5067
5101
5075
5012
4993
4995
4993
5011
5012
5009
4983
5029
