366
434
491
528
575
597
629
688
732
774
808
873
920
965
1017
1070
1140
1194
1239
1292
1355
1406
1450
1504
1547
1593
1653
1711
1715
1749
1783
1804
1821
1858
1892
1923
1965
1988
2022
2071
2114
2149
2154
2193
2210
2223
2229
2279
2307
2317
2369
2398
2388
2403
2426
2437
2469
2460
2439
2471
2476
2471
2420
2401
2446
2488
2462
2454
2470
2495
2530
2524
2552
2576
2579
2617
2606
2620
2592
2597
2618
2602
2583
2577
2567
2591
2597
2555
2560
2549
2569
2587
2583
2555
2561
2582
2594
2563
2577
2613
2606
2600
2585
2625
2625
2605
2615
2616
2610
2633
2649
2637
2597
2585
2595
2600
2570
2563
2531
2549
2535
2517
2524
2540
2540
2535
2499
2498
2533
2530
2497
2466
2465
2476
2458
2449
2480
2501
2510
2524
2565
2555
2565
2563
2554
2570
2584
2592
2582
2544
2584
2610
2647
2669
2666
2648
2627
2623
2623
2647
2658
2673
2670
2697
2703
2703
2668
2654
2645
2690
2711
2720
2705
2693
2705
2703
2714
2704
2701
2695
2680
2664
2661
2729
2726
2772
2811
2808
2773
2803
2796
2768
2770
2762
2768
2741
2754
2721
2735
2760
2768
2775
2757
2741
2726
2747
2726
2783
2794
2774
2793
2775
2758
2751
2770
2768
2704
2650
2677
2652
2678
2678
2713
2700
2702
2701
2670
2655
2645
2632
2631
2631
2634
2630
2654
2649
2668
2662
2675
2642
2658
2679
2673
2675
2672
2652
2653
2655
2656
2673
2666
2704
2692
2626
2640
2603
2610
2613
2626
2652
2637
2641
2610
2637
2613
2636
2634
2641
2679
2679
2675
2685
2706
2688
2684
2664
2671
2660
2664
2671
2669
2702
2722
2732
2744
2728
2734
2765
2784
2760
2766
2798
2787
2770
2826
2807
2778
2758
2805
2810
2817
2860
2880
2880
2860
2822
2829
2828
2851
2831
2855
2827
2854
2884
2892
2878
2853
2849
2791
2822
2808
2795
2794
2808
2791
2754
2732
2706
2691
2677
2646
2649
2648
2632
2677
2688
2704
2677
2651
2683
2648
2659
2648
2695
2707
2726
2697
2686
2659
2683
2702
2711
2691
2726
2683
2643
2642
2671
2644
2637
2646
2637
2663
2681
2655
2664
2666
2669
2707
2691
2673
2660
2683
2655
2646
2659
2668
2663
2649
2630
2619
2589
2653
2667
2681
2677
2678
2723
2748
2708
2694
2689
2646
2660
2668
2653
2685
2681
2708
2687
