366
448
516
600
680
753
879
977
1096
1205
1328
1472
1619
1745
1936
2086
2234
2372
2509
2707
2880
2990
3169
3266
3399
3581
3748
3845
4007
4162
4275
4399
4494
4599
4661
4816
4921
5053
5117
5263
5400
5472
5620
5668
5735
5812
5859
5883
5957
6040
6088
6144
6195
6234
6314
6359
6418
6538
6605
6653
6660
6703
6727
6732
6755
6730
6746
6890
6922
6981
7003
7110
7130
7132
7197
7189
7220
7260
7290
7370
7438
7487
7474
7415
7407
7410
7454
7472
7439
7404
7393
7453
7428
7452
7472
7409
7432
7434
7482
7478
7534
7536
7565
7558
7609
7673
7663
7647
7687
7702
7744
7740
7820
7814
7758
7744
7823
7796
7741
7666
7679
7701
7770
7771
7785
7835
7850
7802
7813
7853
7914
7895
7877
7889
7901
7888
7839
7835
7820
7817
7865
7898
7841
7890
7870
7938
7905
7946
7868
7870
7879
7907
7910
7900
7874
7871
7897
7920
7956
7988
7966
7946
7943
7891
7904
7876
7929
7933
8000
8001
7990
7959
7923
7903
8005
8045
8031
8007
8016
8000
8004
8009
8083
8078
8030
8076
8102
8115
8108
8074
8055
8018
7951
8013
7990
8021
8025
8044
8047
8000
7988
7992
7957
7933
7951
8008
8008
8038
8044
7964
7954
7974
8020
7990
7964
7995
8048
8005
7965
8024
8030
8059
8089
8086
8121
8158
8143
8104
8113
8132
8128
8140
8161
8186
8140
8178
8223
8196
8206
8184
8169
8141
8141
8170
8240
8240
8251
8293
8292
8265
8225
8148
8148
8104
8127
8114
8031
8062
8080
8067
8075
8093
8048
8028
8051
8035
7997
8017
7997
8007
8000
7945
7925
7949
7972
7952
7944
7917
7920
7965
7908
7933
7908
7893
7923
7953
7967
7971
8030
8003
8019
7985
7995
8060
8097
8087
8118
8104
8145
8151
8133
8149
8102
8047
8015
8073
8106
8146
8174
8116
8108
8143
8149
8149
8139
8150
8033
8059
8061
8061
8069
8065
8061
8068
8124
8109
8020
8041
7994
8008
8023
7992
8008
7969
7957
7946
7945
7933
7874
7897
7922
7927
7927
7893
7924
7972
8019
8040
8151
8155
8072
8087
8079
8046
8067
8062
8023
8073
8060
7965
8054
8089
8076
8070
8102
8122
8110
8152
8158
8148
8144
8221
8175
8175
8118
8137
8069
8107
8131
8122
8129
8103
8081
8075
8057
8064
8015
8055
8048
8075
8054
8078
8069
8125
8120
8102
8111
8110
8156
8173
