655
634
611
571
543
537
515
505
495
490
487
503
513
504
531
532
543
553
583
599
604
633
657
678
686
712
725
733
760
794
831
847
847
877
893
914
950
961
985
1007
1042
1065
1067
1090
1094
1103
1111
1112
1151
1146
1176
1203
1202
1226
1277
1272
1296
1297
1323
1338
1380
1362
1357
1382
1446
1444
1455
1446
1468
1455
1457
1468
1452
1426
1440
1437
1444
1461
1441
1435
1456
1486
1526
1517
1514
1517
1545
1527
1553
1529
1558
1540
1557
1551
1565
1556
1580
1591
1603
1612
1633
1606
1614
1622
1626
1601
1615
1602
1605
1637
1615
1620
1623
1613
1600
1618
1601
1580
1562
1557
1564
1580
1594
1615
1647
1649
1644
1668
1663
1655
1640
1635
1633
1612
1587
1615
1635
1641
1640
1629
1636
1666
1677
1648
1669
1646
1625
1630
1628
1633
1635
1649
1647
1647
1637
1607
1597
1593
1574
1588
1577
1570
1581
1594
1595
1595
1606
1646
1640
1587
1631
1630
1627
1629
1613
1608
1633
1619
1614
1630
1623
1599
1622
1647
1662
1638
1648
1655
1664
1643
1648
1674
1685
1686
1677
1682
1701
1704
1716
1706
1704
1715
1701
1675
1681
1678
1675
1678
1685
1668
1667
1676
1691
1718
1724
1709
1708
1705
1724
1704
1685
1692
1693
1668
1698
1711
1702
1701
1725
1703
1708
1688
1699
1693
1691
1667
1672
1658
1634
1658
1672
1653
1644
1634
1653
1630
1622
1629
1640
1667
1633
1619
1602
1584
1596
1602
1589
1596
1606
1588
1597
1580
1606
1599
1601
1613
1584
1581
1572
1579
1554
1582
1605
1612
1600
1605
1612
1612
1615
1649
1630
1614
1636
1619
1601
1628
1603
1621
1628
1619
1632
1640
1669
1674
1689
1663
1682
1689
1682
1683
1685
1674
1707
1715
1699
1676
1675
1694
1709
1695
1705
1708
1687
1686
1677
1683
1714
1718
1703
1676
1665
1699
1696
1736
1738
1756
1746
1764
1732
1736
1713
1724
1729
1718
1752
1754
1736
1754
1749
1735
1725
1695
1704
1711
1718
1709
1707
1688
1688
1652
1680
1677
1663
1679
1672
1686
1656
1670
1651
1661
1673
1695
1710
1725
1724
1708
1683
1680
1676
1664
1654
1668
1680
1703
1706
1706
1713
1705
1731
1729
1709
1710
1704
1690
1669
1703
1708
1678
1684
1644
1638
1640
1652
1671
1661
1659
1658
1653
1646
1645
