655
631
602
588
581
564
556
563
562
574
579
596
612
623
625
647
695
709
735
773
788
812
842
859
897
938
963
981
1011
1030
1073
1106
1124
1159
1156
1152
1151
1180
1189
1176
1211
1245
1267
1268
1284
1297
1322
1323
1339
1376
1391
1416
1433
1450
1469
1455
1456
1491
1502
1515
1514
1505
1500
1529
1522
1542
1532
1545
1556
1572
1555
1561
1578
1606
1621
1630
1651
1657
1670
1680
1701
1705
1710
1726
1708
1715
1723
1744
1736
1735
1731
1738
1716
1694
1710
1725
1711
1763
1771
1757
1765
1770
1757
1765
1770
1755
1763
1751
1748
1754
1758
1754
1752
1756
1764
1762
1800
1809
1819
1865
1835
1849
1857
1857
1862
1850
1868
1837
1831
1807
1808
1823
1825
1807
1817
1844
1819
1798
1802
1822
1828
1841
1840
1841
1841
1847
1869
1846
1844
1856
1854
1878
1880
1867
1854
1870
1858
1899
1877
1889
1870
1867
1877
1862
1878
1882
1878
1868
1861
1865
1880
1879
1875
1842
1856
1856
1867
1876
1901
1886
1869
1885
1891
1876
1860
1858
1863
1873
1864
1858
1830
1845
1849
1857
1851
1879
1860
1861
1873
1892
1880
1901
1926
1935
1929
1925
1921
1924
1958
1947
1951
1945
1933
1882
1894
1888
1890
1921
1923
1954
1943
1932
1917
1928
1940
1928
1924
1900
1926
1905
1898
1907
1886
1911
1910
1937
1935
1963
1969
1983
1936
1913
1911
1912
1904
1920
1917
1930
1871
1857
1848
1849
1834
1843
1841
1883
1886
1898
1906
1874
1853
1895
1910
1912
1902
1890
1875
1862
1858
1854
1846
1867
1850
1875
1860
1861
1902
1916
1875
1885
1934
1927
1923
1920
1921
1918
1922
1911
1920
1932
1948
1960
1931
1934
1907
1915
1898
1921
1920
1938
1956
1939
1940
1947
1950
1936
1901
1917
1936
1966
1949
1949
1968
1967
1948
1970
1969
1942
1932
1905
1888
1893
1910
1897
1896
1903
1903
1922
1924
1939
1920
1925
1872
1867
1878
1875
1884
1895
1896
1910
1888
1922
1935
1920
1931
1933
1954
1950
1925
1916
1916
1927
1922
1902
1897
1883
1896
1885
1902
1898
1883
1883
1854
1865
1869
1857
1875
1865
1885
1881
1905
1930
1933
1917
1902
1897
1910
1903
1881
1882
1870
1883
1891
1871
1852
1839
1847
1876
1869
1823
1851
1861
1880
1900
1874
1876
1852
1858
1827
1818
