655
626
597
568
545
521
504
490
495
494
500
492
507
528
545
540
560
572
591
593
599
621
620
642
642
657
677
687
695
713
739
746
768
780
783
778
779
799
804
805
798
820
818
838
842
844
871
882
898
906
900
925
934
919
922
939
935
960
972
979
979
982
1005
1008
989
1018
1019
1033
1052
1059
1060
1083
1104
1135
1150
1162
1160
1188
1196
1193
1209
1258
1264
1270
1292
1274
1272
1266
1296
1315
1382
1355
1356
1369
1367
1367
1379
1386
1383
1398
1421
1389
1393
1427
1435
1438
1447
1451
1438
1465
1470
1449
1456
1441
1452
1479
1450
1458
1493
1519
1537
1528
1511
1524
1533
1575
1589
1582
1562
1547
1536
1558
1581
1610
1619
1622
1602
1592
1564
1577
1566
1574
1560
1587
1599
1582
1590
1574
1608
1586
1579
1574
1586
1612
1599
1611
1627
1603
1606
1588
1596
1612
1601
1612
1607
1620
1637
1653
1636
1624
1610
1641
1654
1675
1662
1657
1667
1645
1677
1665
1660
1679
1684
1669
1706
1745
1739
1756
1743
1760
1746
1738
1729
1711
1710
1704
1706
1717
1712
1730
1719
1708
1717
1720
1727
1738
1747
1752
1783
1793
1783
1774
1785
1788
1810
1773
1723
1759
1774
1763
1786
1774
1779
1758
1751
1763
1782
1754
1770
1810
1812
1796
1796
1807
1801
1809
1798
1759
1772
1783
1803
1817
1816
1792
1793
1790
1794
1810
1810
1817
1815
1834
1821
1825
1824
1814
1801
1799
1764
1730
1713
1734
1744
1730
1709
1713
1702
1734
1765
1758
1745
1708
1713
1725
1740
1746
1772
1772
1796
1784
1788
1795
1815
1819
1839
1846
1814
1804
1793
1794
1803
1773
1787
1753
1733
1730
1731
1735
1733
1750
1755
1792
1782
1781
1780
1766
1785
1798
1787
1759
1755
1743
1722
1762
1753
1739
1747
1789
1789
1777
1772
1785
1794
1797
1791
1766
1774
1794
1816
1817
1797
1792
1773
1799
1775
1773
1769
1769
1766
1779
1762
1731
1732
1749
1722
1734
1763
1739
1750
1767
1753
1759
1789
1820
1802
1825
1815
1842
1847
1839
1834
1832
1843
1836
1842
1866
1835
1817
1836
1823
1802
1793
1801
1812
1789
1799
1796
1759
1772
1778
1767
1765
1768
1820
1795
1805
1781
1824
1825
1798
1801
1803
1782
1807
1786
1804
1790
1794
1801
1783
