655
604
561
523
514
497
492
488
478
475
470
467
466
490
485
487
501
507
512
514
520
546
563
567
581
597
618
633
663
676
697
717
730
732
760
764
789
798
823
832
826
835
839
858
885
904
908
919
916
931
904
911
901
911
931
918
938
936
945
956
972
963
960
935
909
942
951
965
963
962
941
974
966
972
984
998
1000
1021
1002
998
1014
1017
996
989
990
990
1000
1003
1006
1021
1022
1011
1029
1037
1034
1023
1040
1032
1048
1066
1062
1064
1057
1070
1058
1050
1032
1033
1051
1049
1057
1053
1060
1078
1105
1105
1090
1092
1108
1112
1133
1123
1134
1134
1148
1140
1119
1133
1119
1121
1141
1127
1140
1178
1153
1129
1094
1104
1107
1134
1123
1129
1125
1127
1132
1139
1124
1110
1118
1143
1138
1167
1184
1179
1189
1204
1195
1217
1223
1204
1193
1198
1185
1175
1155
1131
1146
1142
1149
1134
1134
1140
1141
1154
1143
1154
1153
1192
1180
1190
1181
1180
1185
1209
1223
1219
1211
1194
1176
1174
1170
1162
1152
1161
1160
1155
1172
1147
1156
1133
1126
1144
1151
1117
1124
1133
1109
1113
1102
1110
1124
1120
1126
1111
1119
1121
1113
1079
1080
1084
1096
1084
1092
1073
1060
1068
1066
1068
1047
1043
1056
1065
1076
1080
1077
1074
1073
1093
1099
1125
1127
1105
1091
1093
1078
1074
1042
1049
1046
1044
1036
1042
1024
1043
1054
1063
1056
1052
1047
1044
1041
1076
1103
1086
1068
1069
1068
1082
1067
1075
1066
1067
1069
1072
1061
1058
1048
1057
1078
1086
1088
1075
1089
1105
1113
1113
1119
1118
1129
1111
1124
1135
1129
1104
1094
1099
1110
1092
1111
1109
1120
1118
1119
1112
1101
1100
1101
1096
1113
1108
1122
1128
1133
1133
1131
1108
1105
1094
1108
1084
1088
1080
1091
1064
1078
1077
1093
1083
1106
1108
1141
1150
1160
1165
1151
1169
1174
1213
1192
1218
1192
1177
1172
1148
1154
1149
1152
1136
1126
1125
1130
1116
1131
1100
1118
1121
1142
1136
1149
1145
1127
1132
1128
1145
1146
1158
1134
1133
1132
1156
1163
1151
1156
1153
1123
1108
1108
1111
1126
1148
1159
1152
1153
1151
1164
1160
1146
1139
1142
1154
1181
1194
1209
1188
1221
1211
1182
1191
1182
1157
