655
618
593
557
530
491
467
444
447
436
421
404
391
387
396
398
398
401
392
390
404
404
406
403
409
418
414
409
406
400
397
395
405
406
415
416
432
432
446
451
464
480
492
484
492
501
504
511
506
518
517
514
517
526
561
557
563
560
562
581
582
589
580
576
572
588
590
575
579
571
582
579
598
610
629
651
653
662
636
642
649
650
661
659
665
650
664
659
650
655
637
637
640
632
613
603
611
605
617
631
640
638
657
662
659
662
644
638
646
657
661
693
704
707
718
737
744
746
753
752
746
725
727
733
733
742
749
741
730
733
726
705
706
706
718
705
711
689
694
689
677
680
703
699
704
701
688
695
664
666
680
701
714
702
714
726
713
690
681
708
692
682
673
672
673
669
673
668
644
647
665
664
662
671
673
687
683
658
656
660
658
647
650
655
669
662
667
667
644
638
651
656
653
659
653
650
661
652
638
630
624
603
605
635
631
639
651
665
675
669
656
655
664
661
667
659
641
653
634
637
649
636
617
621
618
615
619
618
623
634
626
644
643
647
637
645
636
634
629
620
630
631
632
637
626
634
645
676
678
691
682
686
684
667
678
685
668
665
681
688
682
671
681
684
664
664
668
669
682
680
678
693
691
686
686
679
684
666
669
684
667
674
679
653
648
647
638
616
616
622
629
654
652
671
648
653
656
648
650
648
632
629
638
639
652
667
663
684
670
652
651
651
632
642
644
650
657
664
677
672
682
688
681
684
681
661
657
664
654
640
638
633
637
639
653
647
661
642
651
669
676
678
683
682
665
670
657
650
664
656
656
671
675
648
653
655
657
669
675
687
681
680
694
691
688
669
685
685
710
687
663
664
677
659
645
650
661
663
666
654
660
664
652
642
635
652
667
659
673
676
684
687
681
689
700
715
715
713
721
696
