88
110
132
149
175
195
230
249
304
363
416
471
543
649
743
835
938
1080
1238
1394
1542
1692
1851
1999
2148
2284
2440
2588
2734
2854
2955
3122
3189
3305
3394
3449
3518
3563
3642
3689
3732
3793
3817
3883
3886
3901
3911
3978
4009
3997
4004
4019
4019
4054
4045
4033
4094
4105
4089
4091
4056
4055
4101
4100
4085
4072
4084
4141
4124
4143
4075
4111
4133
4107
4110
4124
4137
4146
4112
4108
4114
4082
4098
4099
4060
4063
4067
4074
4093
4054
4091
4103
4091
4090
4148
4138
4135
4145
4099
4135
4105
4134
4139
4109
4095
4101
4108
4133
4128
4121
4083
4056
4064
4054
4052
4063
4080
4118
4073
4075
4057
4121
4116
4116
4114
4106
4108
4098
4085
4112
4105
4142
4080
4085
4079
4080
4073
4114
4143
4134
4167
4134
4159
4187
4141
4114
4118
4125
4155
4169
4171
4189
4149
4182
4170
4144
4135
4104
4140
4134
4151
4142
4109
4091
4121
4086
4082
4056
4104
4058
4030
4029
4043
4091
4104
4132
4067
3993
4041
4028
4030
4011
4030
4051
4072
4039
4016
3992
4020
4036
4031
4016
4036
4043
4010
4066
4089
4056
4072
4097
4158
4162
4114
4143
4181
4176
4160
4158
4117
4114
4104
4101
4102
4088
4083
4097
4093
4112
4105
4072
4098
4087
4089
4105
4101
4062
4062
4063
4052
4065
4087
4093
4077
4037
4054
4093
4109
4122
4132
4141
4098
4119
4070
4047
4070
4080
4106
4096
4068
4091
4088
4017
4005
4034
4047
4082
4061
4100
4111
4126
4068
4050
4096
4109
4087
4136
4164
4176
4147
4162
4160
4180
4186
4166
4181
4138
4120
4182
4180
4146
4185
4151
4196
4168
4163
4178
4145
4098
4109
4121
4072
4065
4052
4061
4072
4060
4100
4085
4081
4072
4142
4140
4161
4156
4147
4177
4150
4165
4170
4139
4144
4115
4141
4125
4160
4165
4141
4124
4116
4140
4161
4159
4198
4185
4177
4172
4181
4157
4133
4148
4132
4101
4090
4111
4099
4159
4140
4134
4149
4117
4116
4159
4125
4110
4129
4124
4147
4132
4140
4188
4181
4165
4206
4217
4179
4176
4156
4167
4201
4163
4190
4178
4146
4127
4158
4171
4161
4164
4175
4193
4220
4213
4247
4190
4226
4153
4108
4065
4078
4112
4119
4126
4085
4185
4163
4117
4151
4159
4180
4186
4202
4198
4213
4205
4197
4176
4188
4200
4200
4198
