88
123
157
175
216
247
292
332
396
441
512
590
667
738
817
908
1041
1152
1246
1336
1436
1558
1674
1772
1820
1954
2053
2161
2232
2275
2325
2384
2416
2465
2482
2501
2541
2577
2611
2600
2661
2660
2651
2665
2729
2757
2747
2777
2808
2854
2842
2849
2857
2878
2896
2912
2914
2888
2885
2897
2874
2890
2905
2902
2937
2963
2968
2958
2906
2912
2919
2944
2935
2902
2870
2835
2866
2876
2881
2919
2924
2913
2897
2927
2954
2909
2888
2904
2920
2951
2967
2976
2981
2963
2944
2955
2968
2980
2961
2965
2966
2953
2931
2921
2890
2841
2855
2883
2897
2904
2940
2943
2928
2929
2939
2954
2931
2945
2921
2946
2960
2972
2960
2926
2956
2976
2955
2952
2945
2960
2947
2928
2932
2902
2886
2872
2872
2884
2907
2900
2913
2932
2895
2891
2878
2892
2898
2911
2866
2888
2887
2925
2904
2910
2923
2942
2983
2979
2981
2974
2957
2958
2952
2923
2928
2893
2876
2906
2935
2925
2909
2905
2907
2908
2902
2917
2894
2875
2887
2890
2910
2939
2923
2925
2885
2872
2858
2865
2885
2893
2895
2918
2888
2876
2896
2876
2907
2897
2906
2904
2924
2944
2936
2921
2930
2957
2972
2965
2940
2928
2906
2905
2865
2892
2884
2917
2916
2912
2899
2936
2921
2971
3001
2997
2906
2888
2880
2845
2848
2868
2894
2880
2860
2843
2898
2883
2879
2905
2906
2929
2934
2922
2931
2891
2892
2939
2919
2913
2905
2885
2916
2943
2947
2972
2915
2859
2868
2889
2881
2922
2906
2873
2902
2923
2887
2927
2930
2889
2904
2888
2880
2869
2870
2870
2890
2909
2938
2926
2940
2928
2904
2892
2912
2906
2910
2909
2935
2969
2959
2928
2904
2900
2879
2875
2849
2832
2811
2811
2869
2858
2840
2840
2845
2884
2903
2957
2928
2927
2938
2928
2909
2947
2972
2941
3001
2999
3011
2996
2943
2960
2940
2940
2918
2938
2953
2960
2955
2926
2909
2886
2888
2938
2939
2969
2969
2940
2931
2919
2932
2998
2981
2977
2965
2952
2929
2927
2902
2938
2905
2920
2954
2962
2915
2913
2913
2879
2880
2867
2889
2902
2897
2910
2924
2924
2910
2893
2908
2920
2924
2962
2999
2982
2978
2987
2964
2953
2933
2937
2920
2881
2912
2900
2943
2917
2919
2922
2921
2941
2963
2958
2953
2933
2915
2932
2941
2937
2935
2954
2957
2966
