88
110
129
159
187
212
249
284
304
343
393
439
503
573
622
673
754
840
927
1032
1156
1278
1399
1545
1679
1814
2005
2182
2394
2533
2711
2868
3027
3168
3336
3468
3582
3724
3826
3912
3985
4120
4200
4292
4309
4383
4490
4582
4602
4651
4649
4752
4741
4763
4792
4805
4791
4879
4864
4831
4813
4908
4910
4940
4903
4904
4885
4953
4907
4881
4886
4843
4898
4897
4947
4948
4934
4989
4960
4940
4948
4941
4972
5012
4999
4974
4937
4948
4946
4950
4913
4918
4960
4985
4991
5003
4942
4901
4919
4963
4910
4901
4906
4889
4885
4894
4911
4922
4966
4969
4981
5025
4980
4993
5022
5015
5023
5029
5010
4982
5023
5003
4983
4995
4984
4954
4975
4955
4976
4962
4934
4960
4948
4883
4903
4917
4918
4918
4948
4961
4919
4838
4851
4905
4901
4906
4922
4907
4932
4955
4947
4981
4964
4960
4898
4920
4892
4939
4936
4976
4940
4916
4922
4902
4895
4914
4949
4961
4909
4928
4951
4986
4961
4946
4933
4937
4959
4935
4948
4947
4957
4940
4945
4932
4889
4942
4935
4876
4917
4889
4861
4878
4885
4852
4916
4886
4898
4912
4888
4921
4898
4924
4984
4984
4973
4942
4965
4978
4965
4929
4869
4870
4909
4905
4920
4912
4901
4912
4956
4969
4977
4972
4917
4889
4872
4897
4883
4880
4847
4878
4888
4938
4929
4926
4928
4911
4902
4943
4945
4919
4923
4979
4976
4941
4956
4945
4964
4958
4966
5021
5038
5031
5048
5027
5062
5066
5058
5087
5064
5083
5132
5061
4999
5016
4981
5001
4953
4978
4998
4958
4938
4945
4943
4945
4959
4974
4968
4946
4935
4902
4912
4943
4915
4911
4902
4867
4914
4964
4944
4949
4962
4956
4996
5025
5013
5004
5042
5021
5029
4972
4988
4972
4961
4942
4960
4939
4928
4929
4944
5007
4998
4941
4941
4973
4991
5019
5020
5046
5046
5034
5061
4989
5010
5047
4993
4958
4958
4911
4887
4909
4998
4996
4995
4964
4960
4955
4939
4882
4843
4872
4849
4854
4922
4940
4953
4910
4945
4992
5004
4988
4934
4984
4980
4961
4976
4967
5000
4968
5004
4971
5023
4999
5024
5039
5025
4992
5013
5010
4977
4979
5026
5012
4994
5015
5020
4953
4938
4913
4920
4929
4943
4949
4966
4938
4979
4974
4965
4942
4946
4975
4920
4932
4899
4936
4966
4970
4960
4952
4903
4927
