88
110
127
148
167
191
228
261
305
341
389
451
527
588
681
780
868
985
1088
1238
1389
1542
1715
1899
2057
2259
2387
2568
2696
2836
2970
3082
3254
3386
3551
3663
3775
3895
4007
4096
4150
4257
4272
4367
4387
4446
4495
4489
4515
4505
4570
4580
4496
4528
4590
4514
4557
4522
4544
4614
4574
4593
4600
4643
4701
4656
4597
4612
4621
4642
4659
4683
4733
4728
4735
4765
4791
4782
4756
4802
4746
4715
4727
4693
4682
4685
4685
4648
4640
4664
4679
4743
4694
4685
4683
4664
4664
4692
4648
4660
4658
4663
4685
4662
4658
4651
4661
4649
4670
4693
4711
4777
4769
4779
4754
4785
4823
4772
4801
4779
4783
4791
4748
4771
4743
4676
4695
4671
4689
4647
4655
4667
4665
4699
4718
4669
4650
4661
4692
4721
4745
4687
4729
4655
4662
4681
4682
4705
4714
4724
4705
4710
4702
4651
4665
4690
4696
4734
4719
4735
4763
4740
4693
4694
4680
4697
4710
4679
4665
4728
4740
4717
4678
4679
4722
4718
4675
4681
4661
4698
4688
4693
4648
4667
4683
4673
4663
4630
4597
4598
4663
4658
4669
4717
4732
4712
4752
4801
4793
4779
4790
4770
4797
4809
4783
4791
4772
4750
4714
4648
4648
4647
4613
4617
4622
4640
4671
4653
4667
4670
4687
4737
4738
4720
4690
4675
4694
4729
4710
4690
4691
4692
4706
4671
4661
4650
4679
4692
4692
4661
4705
4737
4757
4774
4734
4756
4724
4755
4770
4787
4808
4760
4793
4779
4798
4788
4790
4802
4780
4823
4795
4741
4689
4689
4718
4699
4746
4758
4750
4785
4770
4727
4675
4721
4710
4728
4815
4795
4770
4776
4773
4736
4679
4683
4626
4602
4606
4631
4649
4672
4675
4691
4711
4688
4679
4678
4658
4667
4703
4715
4706
4734
4732
4731
4738
4790
4785
4750
4724
4720
4688
4688
4704
4664
4659
4651
4612
4660
4685
4679
4633
4683
4664
4641
4640
4706
4742
4768
4768
4771
4715
4727
4692
4664
4669
4674
4680
4732
4710
4709
4703
4685
4690
4672
4617
4561
4610
4596
4602
4618
4643
4629
4612
4601
4609
4652
4674
4663
4655
4700
4699
4684
4703
4713
4681
4690
4709
4724
4735
4710
4695
4691
4700
4673
4680
4704
4691
4714
4705
4722
4682
4709
4743
4709
4731
4736
4662
4656
4654
4675
4680
4684
4692
4699
4718
4730
4712
4736
4648
4634
