88
113
138
162
192
226
262
302
359
416
492
581
660
766
900
1000
1117
1226
1379
1505
1640
1787
1952
2074
2218
2341
2490
2592
2671
2741
2828
2890
2935
3023
3051
3093
3129
3142
3148
3176
3224
3277
3268
3297
3311
3339
3370
3412
3425
3441
3437
3463
3472
3537
3507
3493
3468
3512
3485
3545
3498
3504
3564
3548
3532
3524
3480
3499
3552
3550
3536
3502
3497
3494
3500
3475
3450
3443
3477
3496
3482
3462
3447
3456
3492
3504
3493
3456
3452
3452
3466
3495
3513
3534
3485
3492
3493
3459
3525
3502
3472
3427
3424
3413
3423
3447
3452
3424
3396
3382
3392
3398
3407
3447
3465
3439
3468
3466
3523
3523
3523
3497
3465
3449
3441
3458
3454
3460
3480
3474
3430
3474
3480
3452
3470
3440
3442
3487
3499
3520
3510
3475
3508
3529
3526
3513
3526
3492
3457
3468
3460
3488
3480
3506
3485
3506
3487
3472
3492
3465
3491
3496
3472
3456
3428
3410
3466
3440
3431
3434
3413
3427
3420
3404
3432
3423
3401
3416
3423
3442
3486
3463
3459
3477
3441
3453
3430
3409
3456
3464
3425
3433
3466
3490
3471
3456
3475
3502
3498
3482
3396
3449
3461
3447
3449
3438
3449
3482
3549
3497
3521
3539
3478
3497
3471
3481
3482
3474
3474
3502
3474
3478
3524
3537
3525
3516
3477
3483
3455
3446
3452
3455
3427
3424
3466
3457
3508
3530
3513
3487
3495
3513
3522
3497
3497
3490
3504
3513
3485
3475
3453
3460
3495
3517
3511
3447
3470
3453
3470
3441
3461
3480
3498
3504
3452
3486
3519
3570
3539
3551
3549
3532
3509
3494
3468
3482
3485
3471
3474
3446
3432
3444
3461
3499
3500
3483
3533
3514
3502
3504
3496
3481
3517
3508
3541
3521
3529
3516
3516
3487
3500
3479
3474
3523
3536
3452
3498
3524
3511
3562
3550
3539
3501
3499
3522
3482
3508
3508
3474
3473
3449
3466
3518
3484
3413
3448
3472
3460
3479
3437
3431
3495
3484
3475
3441
3472
3472
3470
3479
3487
3463
3473
3510
3468
3463
3454
3450
3471
3499
3509
3485
3455
3465
3441
3506
3516
3494
3484
3532
3530
3523
3513
3524
3567
3526
3519
3507
3519
3501
3553
3539
3553
3553
3553
3570
3563
3554
3579
3576
3571
3534
3533
3558
3560
3526
3559
3538
3566
3521
3489
3528
3526
3493
3467
3488
3546
3508
3535
3540
3549
