773
807
844
900
929
999
1048
1134
1199
1253
1359
1453
1549
1658
1782
1912
2021
2155
2286
2460
2648
2831
3032
3228
3447
3663
3887
4138
4441
4649
4937
5082
5370
5604
5797
6047
6294
6527
6759
7015
7244
7468
7747
7998
8285
8464
8658
8866
9183
9402
9611
9858
10055
10287
10488
10646
10721
10929
11118
11203
11356
11462
11647
11787
11982
12092
12147
12346
12440
12557
12635
12656
12718
12866
12982
13073
13169
13237
13301
13270
13299
13354
13397
13408
13444
13464
13525
13608
13650
13642
13763
13692
13791
13838
13932
13973
14002
13982
13990
14022
14066
14123
14086
13976
13945
14089
14097
14120
14257
14251
14283
14308
14274
14397
14418
14430
14451
14474
14472
14488
14526
14553
14463
14568
14559
14576
14593
14610
14585
14595
14620
14616
14640
14614
14638
14673
14631
14606
14580
14552
14562
14663
14692
14705
14749
14791
14713
14601
14605
14649
14575
14545
14523
14610
14662
14716
14736
14783
14784
14836
14831
14779
14815
14811
14796
14781
14860
14821
14826
14806
14775
14779
14817
14843
14734
14738
14668
14728
14777
14730
14785
14767
14822
14775
14639
14668
14712
14734
14796
14809
14850
14839
14795
14818
14895
14917
14953
15001
15066
15039
14984
14960
14883
14856
14802
14764
14754
14741
14749
14809
14792
14785
14762
14811
14855
14867
14857
14839
14827
14801
14772
14735
14703
14677
14647
14694
14711
14738
14871
14869
14744
14661
14711
14756
14667
14652
14618
14575
14456
14378
14351
14302
14385
14371
14338
14373
14468
14469
14457
14460
14389
14410
14427
14498
14464
14490
14530
14490
14501
14578
14523
14532
14587
14624
14727
14798
14941
14915
14934
14916
14953
15107
15160
15134
15197
15223
15188
15162
15109
14973
14875
14855
14809
14886
14967
14910
14881
14859
14844
14782
14771
14846
14888
14927
14900
14974
14986
14911
14910
14915
14947
14904
14863
14802
14661
14690
14682
14672
14678
14707
14686
14723
14694
14672
14531
14455
14525
14596
14651
14744
14661
14734
14700
14709
14705
14690
14657
14529
14633
14646
14655
14634
14643
14646
14714
14741
14853
14788
14753
14758
14717
14675
14691
14692
14635
14653
14576
14579
14650
14629
14683
14652
14612
14703
14602
14667
14725
14818
14776
14802
14793
14865
14826
14789
14767
14698
14759
14709
14717
14706
14557
14465
14490
14499
14462
14326
14314
14368
14434
14512
14575
14581
14606
14572
14581
14572
14578
14616
14635
14653
14668
14718
14721
14699
14722
14591
14575
14619
14693
14695
