773
756
758
741
703
690
687
657
635
605
585
555
544
534
521
509
505
504
500
488
484
486
489
477
467
469
464
442
443
434
432
436
441
439
432
439
442
452
457
453
449
453
466
463
468
449
452
468
465
468
477
476
466
484
496
483
483
496
496
521
496
501
505
506
507
511
514
531
522
514
524
531
547
529
530
539
548
541
516
505
509
510
525
528
510
530
521
521
522
537
522
522
528
523
534
521
518
535
549
546
553
545
554
551
538
549
553
568
574
595
596
603
591
603
622
620
592
585
587
592
593
600
584
574
561
555
563
542
546
535
530
538
536
542
540
540
544
552
567
556
570
579
575
583
577
584
590
597
606
619
628
617
611
613
626
615
604
589
591
587
580
576
562
578
585
598
611
614
623
625
617
638
631
632
650
652
651
655
641
627
623
630
618
623
630
628
637
629
643
656
668
654
645
630
644
634
636
616
627
622
633
639
637
661
653
631
616
619
629
615
621
635
644
657
652
643
634
633
633
636
651
640
634
637
639
640
632
632
647
643
636
634
624
629
648
660
654
651
658
656
659
658
659
656
634
661
659
647
660
675
671
665
677
681
690
683
671
663
678
665
623
633
618
616
612
616
608
605
604
591
589
585
576
554
541
548
570
579
567
584
590
583
594
592
601
586
595
596
606
612
628
641
645
647
647
625
632
624
636
650
652
664
665
670
661
653
647
653
669
664
660
644
650
648
668
673
672
682
664
671
675
682
665
667
654
644
622
629
629
637
633
639
655
654
659
653
639
650
641
648
636
633
631
620
633
656
647
632
649
665
654
631
626
621
619
616
608
620
629
628
629
631
646
634
633
633
630
620
616
615
630
635
641
642
640
659
658
671
666
665
675
683
665
659
672
668
659
660
663
666
656
654
655
668
670
672
662
661
641
624
