773
939
1052
1205
1365
1503
1687
1868
2071
2256
2465
2751
2988
3200
3437
3659
3816
4033
4198
4397
4563
4689
4836
4930
5134
5222
5360
5486
5577
5702
5835
5950
5957
6039
6066
6162
6194
6293
6361
6396
6456
6464
6512
6567
6596
6619
6690
6724
6768
6791
6875
6932
6913
6991
7030
7098
7078
7109
7126
7247
7237
7253
7183
7114
7106
7168
7248
7215
7242
7222
7282
7296
7337
7312
7294
7316
7258
7262
7222
7265
7238
7251
7234
7275
7341
7328
7370
7313
7315
7295
7319
7309
7296
7317
7339
7336
7289
7301
7304
7325
7328
7326
7363
7370
7291
7295
7264
7323
7301
7276
7230
7221
7189
7217
7246
7261
7235
7222
7244
7277
7289
7303
7260
7289
7223
7204
7218
7234
7247
7232
7264
7314
7353
7354
7347
7356
7343
7387
7358
7405
7352
7334
7353
7370
7327
7359
7317
7312
7319
7272
7326
7303
7328
7308
7278
7320
7357
7353
7321
7336
7327
7319
7299
7292
7340
7363
7364
7384
7366
7458
7419
7459
7451
7460
7413
7393
7286
7307
7305
7300
7289
7227
7244
7301
7296
7274
7357
7408
7423
7376
7419
7400
7337
7319
7361
7374
7348
7353
7413
7371
7368
7356
7391
7472
7410
7450
7486
7453
7442
7479
7490
7503
7501
7471
7469
7514
7524
7556
7525
7535
7541
7490
7506
7566
7530
7551
7536
7567
7589
7562
7449
7490
7477
7490
7478
7485
7504
7498
7488
7541
7579
7580
7536
7572
7581
7582
7600
7615
7606
7576
7540
7538
7519
7530
7511
7513
7461
7435
7428
7442
7497
7546
7569
7599
7535
7582
7545
7507
7524
7464
7474
7505
7471
7460
7481
7463
7509
7510
7469
7471
7440
7496
7472
7469
7510
7517
7484
7502
7494
7479
7483
7422
7418
7380
7413
7429
7461
7374
7392
7453
7386
7378
7344
7310
7335
7292
7326
7354
7360
7444
7427
7360
7350
7349
7398
7359
7372
7324
7299
7317
7330
7454
7410
7379
7414
7388
7413
7445
7428
7453
7456
7565
7593
7520
7595
7579
7597
7596
7580
7522
7510
7464
7478
7407
7399
7381
7355
7386
7302
7308
7277
7362
7346
7394
7340
7306
7327
7392
7396
7397
7390
7423
7412
7478
7538
7508
7455
7388
7368
7363
7388
7368
7341
7404
7414
7466
7491
7395
7402
7467
7470
7444
7360
7363
7417
7406
7426
7385
7389
7380
7339
7329
7316
7345
7379
7417
7428
7381
7412
7395
