773
929
1072
1229
1360
1513
1650
1792
1942
2104
2214
2371
2469
2556
2680
2810
2907
3002
3086
3145
3215
3314
3335
3417
3466
3510
3594
3639
3659
3745
3781
3798
3824
3858
3856
3865
3953
3948
3969
4005
4080
4065
4071
4075
4087
4104
4158
4204
4161
4153
4138
4132
4126
4118
4136
4099
4083
4045
4065
4113
4134
4140
4138
4123
4084
4091
4105
4104
4121
4134
4148
4155
4217
4204
4215
4233
4200
4252
4276
4256
4269
4271
4262
4265
4262
4262
4268
4289
4326
4361
4335
4341
4338
4311
4295
4287
4321
4341
4358
4270
4280
4304
4323
4334
4348
4332
4269
4278
4217
4196
4194
4220
4243
4210
4263
4219
4184
4178
4197
4229
4310
4345
4352
4323
4309
4270
4232
4220
4275
4287
4343
4309
4285
4306
4317
4347
4343
4304
4314
4288
4323
4282
4271
4288
4274
4285
4240
4216
4244
4237
4224
4219
4234
4258
4188
4159
4199
4265
4242
4254
4266
4304
4305
4284
4291
4271
4235
4290
4303
4284
4263
4263
4283
4290
4282
4248
4244
4258
4241
4247
4286
4365
4327
4285
4252
4237
4199
4183
4189
4210
4248
4230
4223
4223
4252
4246
4269
4237
4245
4224
4267
4263
4282
4306
4337
4352
4379
4358
4379
4374
4347
4357
4338
4359
4317
4257
4292
4274
4280
4312
4297
4310
4325
4323
4327
4273
4294
4264
4254
4276
4280
4336
4320
4317
4309
4283
4269
4273
4305
4282
4258
4221
4194
4226
4246
4201
4214
4202
4217
4263
4273
4318
4312
4297
4276
4293
4315
4298
4348
4334
4339
4303
4274
4275
4210
4230
4213
4201
4182
4168
4202
4224
4229
4236
4248
4271
4242
4260
4290
4231
4276
4243
4233
4231
4256
4290
4272
4325
4269
4295
4307
4253
4235
4254
4266
4283
4277
4299
4288
4280
4245
4269
4291
4292
4325
4301
4266
4236
4266
4261
4252
4238
4246
4252
4292
4246
4214
4239
4251
4232
4275
4245
4267
4310
4313
4301
4323
4314
4305
4278
4298
4320
4294
4342
4356
4383
4378
4339
4412
4393
4372
4340
4363
4357
4348
4341
4315
4297
4306
4287
4274
4279
4288
4322
4327
4326
4386
4399
4452
4423
4412
4396
4340
4356
4349
4332
4359
4371
4335
4345
4364
4308
4319
4322
4371
4313
4286
4254
4305
4322
4301
4309
4334
4337
4336
4309
4277
4294
4321
4360
4324
4341
4306
4305
4318
4307
4322
4324
4333
4298
