773
896
1034
1175
1322
1454
1629
1847
2082
2331
2609
2902
3188
3440
3746
4071
4411
4719
5068
5459
5770
6157
6535
6853
7157
7456
7706
7918
8169
8465
8748
8969
9230
9422
9655
9911
10129
10356
10484
10631
10813
10949
11091
11250
11370
11476
11496
11566
11740
11832
11995
12069
12053
12175
12255
12219
12329
12460
12585
12626
12815
12841
12867
12895
12962
13020
13092
13129
13052
13051
13023
13069
13069
13088
13133
13285
13353
13343
13415
13461
13465
13509
13520
13558
13549
13605
13618
13671
13635
13699
13765
13733
13697
13707
13745
13769
13805
13898
13809
13802
13776
13715
13800
13833
13824
13861
13934
13954
14007
13976
13952
13934
13966
14007
14008
14010
14083
14129
14085
14010
13957
13866
13923
13964
13996
13973
13965
13974
13930
13893
13841
13834
13908
13922
14011
14007
13913
13940
13938
13924
13909
13974
13945
13952
13924
13980
13937
13984
13937
13897
13963
13945
13911
14013
13969
13948
14017
13918
13940
13931
13966
13968
14010
13900
13945
13907
13929
13976
14007
13987
13940
13929
14029
14050
14135
14081
14092
14102
14052
14079
14101
14057
14045
14084
14081
14036
14086
14069
14029
14032
14110
14089
14077
13941
13910
13829
13897
13986
13918
13911
13892
13840
13935
13923
13998
14092
14143
14121
14140
14108
14090
14064
14119
14106
14205
14188
14061
14103
14117
14132
14076
14065
14098
14100
14195
14149
14158
14150
14152
14161
14209
14229
14198
14167
14151
14090
14112
14154
14097
14041
14050
14089
14051
13980
14047
13984
14065
13967
13935
13931
13891
14033
14046
14098
14068
14093
14183
14187
14190
14195
14193
14176
14118
14075
14075
14070
14077
14071
14070
14041
14069
14044
14082
14076
14075
13977
13914
13885
13881
13775
13714
13775
13869
13950
13959
13981
13980
14032
13930
13915
13923
13919
13871
13867
13866
13850
13828
13834
13857
13897
13929
13917
13905
13983
13946
13855
13858
13858
13909
13914
13903
13953
13972
13875
13899
13827
13800
13900
13833
13840
13810
13817
13886
13813
13846
13791
13823
13761
13736
13780
13785
13829
13907
13913
13831
13899
13897
13847
13869
13969
13951
13964
13932
13914
13935
13907
13919
13903
13944
13913
13910
13962
13856
13777
13729
13735
13745
13783
13782
13818
13877
13837
13865
13850
13824
13824
13839
13855
13787
13887
13907
13879
13909
13837
13836
13834
13844
13892
13868
13764
13699
13697
13713
13749
13812
13889
13875
13879
13893
13934
13921
13856
13813
13798
13826
13755
13745
13798
13814
13810
