758
975
1140
1288
1395
1527
1716
1906
2100
2289
2526
2750
2981
3215
3440
3671
3928
4194
4493
4766
5092
5288
5592
5863
6115
6415
6578
6869
7093
7260
7501
7735
7927
8115
8315
8518
8673
8943
9156
9351
9581
9813
10049
10309
10493
10624
10822
10939
11055
11258
11415
11548
11693
11863
12001
12164
12307
12433
12554
12667
12831
12857
12929
13107
13134
13322
13491
13652
13782
13843
13849
14036
14245
14448
14490
14619
14721
14691
14849
14953
15000
15019
15037
15142
15220
15336
15403
15515
15480
15404
15553
15595
15673
15757
15783
15778
15848
15976
15978
15962
16004
16088
16205
16282
16335
16342
16299
16314
16405
16373
16412
16519
16514
16424
16488
16446
16566
16566
16484
16529
16544
16561
16542
16573
16633
16730
16793
16825
16919
16851
16904
16930
17007
16957
16906
16980
17083
17023
17025
16971
16982
17006
17022
16944
16930
16903
16934
16944
16965
16904
16988
17022
16924
16862
16886
16961
16994
17027
17052
17044
17065
17015
16987
17062
17155
17228
17232
17211
17196
17218
17222
17259
17205
17171
17163
17147
17112
17229
17246
17247
17308
17331
17374
17318
17443
17328
17302
17377
17429
17336
17380
17361
17343
17357
17366
17514
17417
17449
17489
17456
17455
17439
17571
17493
17472
17424
17468
17441
17439
17465
17409
17323
17482
17536
17509
17505
17563
17648
17637
17575
17596
17529
17548
17550
17469
17454
17473
17454
17423
17403
17377
17444
17599
17665
17651
17547
17579
17637
17717
17694
17731
17820
17820
17856
17829
17918
17876
17891
17799
17789
17834
17852
17777
17785
17882
17824
17726
17640
17721
17731
17742
17728
17718
17685
17733
17770
17752
17832
17774
17770
17863
17828
17768
17850
17870
17884
17952
17913
18020
18024
18061
17947
17857
17795
17815
17809
17742
17823
17806
17786
17806
17806
17758
17805
17763
17858
17826
17742
17764
17839
17785
17740
17712
17800
17769
17838
17728
17795
17834
17810
17830
17852
17806
17803
17792
17808
17851
17733
17849
17833
17856
17833
17804
17694
17717
17628
17641
17742
17714
17653
17669
17611
17701
17749
17759
17682
17747
17680
17747
17715
17735
17776
17668
17673
17663
17741
17730
17775
17692
17617
17619
17730
17749
17739
17820
17762
17778
17771
17753
17794
17757
17832
17898
17914
17922
17928
17995
17934
17944
17997
18007
17902
17929
17928
17905
17925
17898
17960
17887
17857
17848
17849
17800
17831
17833
17860
17793
17844
17793
17871
17905
17840
17783
17788
17759
17793
17701
17651
17629
17643
