758
951
1081
1204
1320
1445
1578
1711
1874
2048
2226
2398
2585
2784
2937
3128
3280
3467
3604
3823
4046
4228
4425
4622
4828
5057
5271
5426
5665
5765
5942
6121
6273
6445
6661
6873
7047
7237
7392
7514
7658
7835
7970
8147
8320
8460
8637
8735
8905
9104
9210
9421
9540
9645
9717
9805
9921
10022
10094
10294
10388
10513
10619
10801
10917
11069
11189
11309
11393
11511
11652
11737
11845
11972
12130
12140
12250
12246
12384
12419
12491
12543
12608
12758
12816
12882
12945
13083
13137
13229
13259
13292
13365
13377
13472
13543
13619
13659
13739
13741
13738
13740
13832
13884
13952
13958
14070
14106
14158
14253
14417
14387
14362
14397
14413
14465
14553
14617
14572
14557
14635
14649
14653
14741
14764
14843
14807
14905
14887
14817
14827
14891
14876
14854
14948
15010
15053
15011
15084
14989
15026
15119
15159
15301
15324
15482
15452
15439
15473
15520
15605
15643
15650
15571
15551
15613
15667
15669
15607
15609
15619
15514
15532
15536
15528
15763
15738
15716
15835
15933
15934
15869
15929
16009
15972
15961
16011
15986
15885
15836
16006
15965
16051
16026
16068
16074
16044
16058
16056
16038
16047
16143
16100
16141
16122
16120
16135
16205
16139
16177
16209
16239
16169
16228
16209
16216
16263
16246
16225
16222
16269
16220
16253
16282
16253
16302
16349
16302
16307
16186
16156
16109
16121
16147
16117
16076
16089
16066
16126
16114
16171
16174
16240
16246
16232
16274
16286
16403
16462
16526
16482
16539
16441
16457
16508
16543
16557
16516
16429
16383
16408
16426
16444
16485
16414
16445
16402
16485
16597
16627
16663
16730
16778
16786
16734
16713
16773
16771
16783
16763
16832
16806
16749
16712
16765
16757
16676
16725
16781
16674
16637
16684
16685
16760
16739
16828
16798
16749
16829
16766
16841
16907
16924
16865
16868
16767
16795
16815
16827
16806
16827
16820
16768
16822
16844
16917
16978
16973
16982
16929
17022
17056
17088
17121
17110
17071
17050
17036
17078
17096
17087
17035
17099
17134
17026
16921
16886
16876
16956
16976
16949
16990
17014
17014
17072
16981
17087
17005
16983
16977
16904
16908
16809
16799
16822
16764
16836
16801
16872
16842
16911
16988
16902
16924
16841
16877
16871
16842
16828
16808
16698
16695
16686
16639
16689
16725
16777
16813
16749
16718
16702
16706
16747
16720
16677
16739
16725
16694
16637
16642
16693
16723
16749
16814
16727
16793
16818
16833
16776
16689
16641
16680
16722
16771
16791
16818
16810
16793
16698
16745
