758
930
1069
1182
1308
1456
1588
1751
1927
2139
2361
2577
2769
2953
3184
3438
3574
3772
3927
4100
4310
4492
4595
4708
4816
4976
5096
5231
5369
5465
5588
5722
5864
5960
5980
6075
6214
6305
6347
6424
6426
6467
6547
6594
6613
6675
6711
6721
6741
6720
6765
6820
6841
6889
6983
7017
7034
7072
7090
7113
7194
7191
7212
7257
7269
7269
7270
7248
7234
7233
7227
7256
7368
7311
7290
7271
7282
7300
7323
7403
7398
7386
7413
7449
7409
7474
7504
7482
7506
7584
7517
7497
7486
7488
7499
7520
7484
7526
7549
7601
7545
7596
7570
7570
7549
7544
7544
7583
7613
7618
7589
7604
7590
7579
7591
7581
7614
7578
7606
7571
7547
7615
7623
7686
7703
7735
7730
7724
7681
7605
7607
7624
7614
7614
7619
7635
7581
7572
7620
7637
7661
7614
7606
7642
7633
7653
7664
7720
7673
7698
7679
7662
7670
7718
7690
7712
7683
7780
7821
7875
7896
7827
7788
7749
7790
7749
7734
7740
7777
7800
7794
7834
7835
7831
7814
7811
7791
7754
7729
7679
7660
7737
7743
7726
7723
7742
7715
7741
7800
7779
7779
7716
7662
7657
7646
7618
7639
7598
7554
7591
7628
7613
7568
7570
7642
7612
7571
7597
7569
7601
7609
7621
7656
7694
7686
7686
7615
7567
7514
7453
7422
7391
7418
7429
7479
7418
7435
7464
7576
7538
7544
7537
7579
7669
7712
7698
7745
7761
7752
7794
7716
7756
7745
7685
7694
7679
7631
7629
7635
7602
7597
7626
7624
7617
7580
7586
7503
7495
7586
7612
7619
7608
7509
7501
7586
7503
7492
7502
7552
7519
7524
7447
7422
7454
7430
7465
7404
7431
7406
7492
7488
7532
7562
7630
7625
7585
7622
7643
7688
7642
7629
7642
7636
7615
7639
7650
7694
7652
7643
7623
7655
7659
7649
7665
7642
7673
7677
7728
7702
7704
7726
7713
7705
7633
7677
7630
7622
7650
7642
7630
7668
7649
7700
7654
7673
7627
7592
7538
7566
7577
7644
7675
7716
7671
7648
7657
7663
7651
7622
7589
7647
7686
7644
7692
7731
7735
7740
7806
7769
7779
7695
7655
7619
7717
7740
7756
7694
7666
7700
7663
7665
7622
7628
7628
7619
7587
7583
7533
7533
7556
7600
7594
7613
7655
7611
7650
7654
7654
7667
7648
7660
7680
7623
7691
7644
7654
7632
7662
7703
7721
7733
7719
7699
7659
7661
7728
7677
7599
7607
7593
