758
943
1054
1171
1309
1453
1575
1729
1881
2027
2161
2350
2546
2665
2817
2971
3095
3264
3425
3555
3675
3731
3864
4017
4102
4198
4286
4397
4443
4505
4554
4596
4665
4720
4714
4746
4806
4784
4816
4847
4915
4913
4925
4991
5001
4947
4910
4925
4989
5054
5025
4984
5013
4999
4995
5035
5033
5076
5057
5133
5157
5156
5165
5181
5186
5182
5192
5205
5144
5161
5174
5140
5165
5186
5173
5187
5198
5169
5218
5206
5152
5157
5131
5156
5173
5182
5173
5163
5112
5080
5174
5140
5174
5157
5077
5036
5037
5007
4993
4948
4980
4981
4978
4990
4959
4973
4923
4948
4953
4957
4976
4974
4973
4986
5004
4988
4964
4953
5018
5012
5004
5050
5029
5042
5017
4980
5031
5050
5048
5063
5075
5074
5066
5155
5165
5148
5078
5064
5073
5050
5098
5110
5111
5150
5115
5110
5051
4989
5001
5001
5000
4959
4985
4973
4978
5043
5053
5078
5089
5087
5082
5116
5128
5118
5146
5191
5167
5124
5073
5070
5032
5018
5059
5041
5088
5079
5103
5078
5002
5031
5067
5062
5057
5033
4994
5019
5031
5044
5063
5045
5027
5025
5045
5034
5109
5145
5096
5102
5038
5066
5032
5115
5120
5094
5127
5123
5112
5101
5087
5075
5108
5122
5175
5139
5184
5216
5163
5195
5144
5127
5131
5130
5125
5082
5070
5058
5108
5108
5070
5057
5014
4986
4963
5010
4956
5016
5026
5038
5070
5071
5019
5046
5007
4976
4982
4971
4980
5026
5051
5036
5030
5032
5048
4998
4966
4986
4985
5007
5015
5030
5073
5049
5052
5038
5073
5065
5079
5124
5100
5120
5150
5177
5141
5082
5117
5078
5090
5076
5115
5157
5137
5229
5228
5190
5159
5159
5132
5156
5153
5131
5159
5156
5179
5150
5165
5125
5113
5075
5123
5098
5118
5114
5099
5091
5108
5118
5134
5123
5102
5120
5153
5137
5139
5139
5182
5167
5176
5107
5097
5090
5105
5131
5060
5079
5061
5159
5193
5221
5202
5216
5213
5183
5213
5235
5211
5206
5257
5210
5213
5216
5178
5156
5213
5191
5158
5161
5178
5167
5159
5123
5113
5105
5049
5080
5082
5087
5064
5038
5044
5028
5008
5027
5036
5047
5038
5055
5061
5052
5081
5014
5021
5051
5074
5115
5119
5082
5139
5071
5122
5110
5141
5132
5168
5139
5102
5099
5084
5049
5086
5111
5078
5043
5100
5118
5169
5199
5199
5191
5153
5104
