758
959
1107
1297
1454
1608
1784
1968
2172
2403
2610
2852
3149
3415
3667
3892
4164
4408
4693
4897
5123
5371
5562
5825
6026
6237
6448
6651
6849
6986
7188
7486
7693
7872
8064
8238
8451
8631
8781
8912
8994
9151
9286
9425
9516
9638
9805
9970
10052
10168
10323
10385
10413
10481
10566
10665
10730
10909
10948
11023
11073
11135
11240
11343
11400
11491
11585
11657
11660
11758
11800
11903
12003
12054
12028
12175
12199
12226
12174
12164
12153
12185
12192
12193
12232
12306
12340
12459
12389
12386
12360
12420
12421
12472
12554
12576
12569
12622
12663
12732
12828
12806
12800
12889
12950
13011
13030
12963
13029
13099
13146
13197
13210
13233
13300
13281
13251
13224
13261
13269
13253
13229
13195
13122
13091
13123
13185
13126
13080
13117
13195
13152
13164
13149
13149
13178
13232
13256
13372
13366
13336
13392
13434
13467
13473
13514
13488
13466
13429
13478
13530
13600
13593
13558
13556
13552
13575
13469
13464
13463
13445
13484
13529
13495
13480
13525
13447
13508
13598
13530
13482
13536
13583
13595
13547
13541
13600
13610
13538
13551
13553
13442
13427
13394
13364
13375
13481
13516
13460
13413
13498
13641
13684
13683
13619
13640
13552
13629
13643
13645
13728
13682
13728
13659
13713
13650
13590
13589
13579
13589
13594
13594
13605
13624
13614
13593
13549
13614
13692
13677
13634
13754
13735
13723
13726
13726
13655
13611
13665
13681
13745
13684
13683
13704
13669
13704
13771
13744
13692
13674
13679
13765
13755
13775
13737
13651
13664
13614
13559
13514
13550
13518
13547
13532
13527
13591
13580
13581
13615
13522
13512
13522
13515
13589
13565
13545
13591
13609
13648
13646
13622
13573
13552
13537
13528
13567
13565
13536
13563
13561
13577
13602
13641
13609
13616
13615
13553
13528
13504
13470
13563
13486
13480
13594
13520
13473
13515
13512
13521
13454
13436
13402
13380
13403
13398
13320
13279
13307
13272
13210
13290
13294
13323
13277
13316
13368
13406
13396
13424
13558
13600
13601
13658
13590
13544
13544
13551
13642
13610
13617
13649
13617
13658
13718
13659
13610
13596
13639
13689
13631
13638
13626
13554
13518
13536
13557
13599
13607
13611
13585
13604
13634
13637
13774
13692
13742
13739
13783
13758
13717
13695
13656
13658
13699
13745
13752
13708
13768
13798
13782
13713
13643
13602
13566
13615
13648
13676
13675
13679
13697
13655
13717
13715
13660
13695
13695
13655
13722
13696
13735
13764
13717
13703
13738
13710
13757
13713
13730
13681
13661
